B-patternMAX 0 0;
GR-patternMAX 2 0;
GR 8-revpredelay 0.387388 16 0.113924 0.113924 0.582278 0 0 0 0 0 0 0 0 0 0 0 0 0;
GR 8-revlp 0.707757 16 0.721519 0.759494 0.670886 0 0 0 0 0 0 0 0 0 0 0 0 0;
GR 8-revbp 0.578115 16 0.417722 0.518987 0.620253 0 0 0 0 0 0 0 0 0 0 0 0 0;
GR 7-revpredelay 0.40421 16 0.101266 0.189873 0.556962 0 0 0 0 0 0 0 0 0 0 0 0 0;
GR 7-revlp 0.739361 16 0.78481 0.835443 0.670886 0 0 0 0 0 0 0 0 0 0 0 0 0;
GR 7-revbp 0.708861 16 0.772152 0.708861 0.708861 0 0 0 0 0 0 0 0 0 0 0 0 0;
GR 5-revpredelay 0.387388 16 0.113924 0.113924 0.582278 0 0 0 0 0 0 0 0 0 0 0 0 0;
GR 5-revlp 0.707757 16 0.721519 0.759494 0.670886 0 0 0 0 0 0 0 0 0 0 0 0 0;
GR 5-revbp 0.578115 16 0.417722 0.518987 0.620253 0 0 0 0 0 0 0 0 0 0 0 0 0;
GR 6-revpredelay 0.40421 16 0.101266 0.189873 0.556962 0 0 0 0 0 0 0 0 0 0 0 0 0;
GR 6-revlp 0.739361 16 0.78481 0.835443 0.670886 0 0 0 0 0 0 0 0 0 0 0 0 0;
GR 6-revbp 0.708861 16 0.772152 0.708861 0.708861 0 0 0 0 0 0 0 0 0 0 0 0 0;
GR 4-revpredelay 0.518051 16 0.392405 0.392405 0.607595 0 0 0 0 0 0 0 0 0 0 0 0 0;
GR 4-revlp 0.628664 16 0.607595 0.658228 0.607595 0 0 0 0 0 0 0 0 0 0 0 0 0;
GR 4-revbp 0.810127 16 0.848101 0.810127 0.810127 0 0 0 0 0 0 0 0 0 0 0 0 0;
GR 3-revpredelay 0.384161 16 0.177215 0.177215 0.531646 0 0 0 0 0 0 0 0 0 0 0 0 0;
GR 3-revlp 0.641322 16 0 0.670886 0.620253 0 0 0 0 0 0 0 0 0 0 0 0 0;
GR 3-revbp 0.670886 16 0 0.670886 0.670886 0 0 0 0 0 0 0 0 0 0 0 0 0;
GR 2-revpredelay 0.336755 16 0.151899 0.0632911 0.531646 0 0 0 0 0 0 0 0 0 0 0 0 0;
GR 2-revlp 0.606575 16 0.265823 0.56962 0.632911 0 0 0 0 0 0 0 0 0 0 0 0 0;
GR 2-revbp 0.652961 16 0.455696 0.64557 0.658228 0 0 0 0 0 0 0 0 0 0 0 0 0;
GR 1-revpredelay 0.498085 16 0.291139 0.291139 0.64557 0 0 0 0 0 0 0 0 0 0 0 0 0;
GR 1-revlp 0.600287 16 0.455696 0.518987 0.658228 0 0 0 0 0 0 0 0 0 0 0 0 0;
GR 1-revbp 0.571744 16 0.734177 0.556962 0.582278 0 0 0 0 0 0 0 0 0 0 0 0 0;
G-patternMAX 6 0;
G accorder 20 16 0 0 0 0 20 20 20 0 0 0 0 0 0 0 0 0;
G random-time 0 16 20 10 5 10 0 98 16 0 0 0 0 0 0 0 0 0;
G random-end 0 16 5 5 5 2 0 0 0 0 0 0 0 0 0 0 0 0;
G random-start 0 16 5 5 5 10 0 0 0 0 0 0 0 0 0 0 0 0;
G 8-vol 0.835443 16 0.949367 0.924051 0.835443 0.835443 0.835443 0.772152 0.670886 0 0 0 0 0 0 0 0 0;
G 8-lop 0.544304 16 0.556962 0.620253 0.544304 0.544304 0.544304 0.544304 0.544304 0 0 0 0 0 0 0 0 0;
G 8-end 0.468354 16 0.531646 0.506329 0.696203 0.556962 0.468354 0.316456 0.632911 0 0 0 0 0 0 0 0 0;
G 8-time 0.278481 16 0.405063 0.316456 0.278481 0.278481 0.278481 0.417722 0.417722 0 0 0 0 0 0 0 0 0;
G 8-start 0.468354 16 0.151899 0.341772 0.632911 0.405063 0.468354 0.329114 0.632911 0 0 0 0 0 0 0 0 0;
G 7-vol 0.835443 16 0.392405 0.392405 0.556962 0.835443 0.835443 0.708861 0.64557 0 0 0 0 0 0 0 0 0;
G 7-lop 0.924051 16 1 1 0.924051 0.924051 0.924051 0.924051 0.924051 0 0 0 0 0 0 0 0 0;
G 7-end 0.455696 16 0.835443 0.759494 0.848101 0.531646 0.455696 0.455696 0.594937 0 0 0 0 0 0 0 0 0;
G 7-time 0.0632911 16 0.101266 0.0632911 0.0632911 0.0632911 0.0632911 0.265823 0.265823 0 0 0 0 0 0 0 0 0;
G 7-start 0.455696 16 0.734177 0.696203 0.696203 0.43038 0.455696 0.455696 0.594937 0 0 0 0 0 0 0 0 0;
G 5-vol 0.835443 16 0.949367 0.924051 0.835443 0.835443 0.835443 0.772152 0.670886 0 0 0 0 0 0 0 0 0;
G 5-lop 0.544304 16 0.556962 0.620253 0.544304 0.544304 0.544304 0.544304 0.544304 0 0 0 0 0 0 0 0 0;
G 5-end 0.468354 16 0.531646 0.506329 0.696203 0.556962 0.468354 0.316456 0.632911 0 0 0 0 0 0 0 0 0;
G 5-time 0.278481 16 0.405063 0.316456 0.278481 0.278481 0.278481 0.417722 0.417722 0 0 0 0 0 0 0 0 0;
G 5-start 0.468354 16 0.151899 0.341772 0.632911 0.405063 0.468354 0.329114 0.632911 0 0 0 0 0 0 0 0 0;
G 6-vol 0.835443 16 0.392405 0.392405 0.556962 0.835443 0.835443 0.708861 0.64557 0 0 0 0 0 0 0 0 0;
G 6-lop 0.924051 16 1 1 0.924051 0.924051 0.924051 0.924051 0.924051 0 0 0 0 0 0 0 0 0;
G 6-end 0.455696 16 0.835443 0.759494 0.848101 0.531646 0.455696 0.455696 0.594937 0 0 0 0 0 0 0 0 0;
G 6-time 0.0632911 16 0.101266 0.0632911 0.0632911 0.0632911 0.0632911 0.265823 0.265823 0 0 0 0 0 0 0 0 0;
G 6-start 0.455696 16 0.734177 0.696203 0.696203 0.43038 0.455696 0.455696 0.594937 0 0 0 0 0 0 0 0 0;
G 4-vol 0.696203 16 0.481013 0.481013 0.531646 0.696203 0.696203 0.607595 0.56962 0 0 0 0 0 0 0 0 0;
G 4-lop 0.721519 16 0.911392 0.873418 0.721519 0.721519 0.721519 0.721519 0.670886 0 0 0 0 0 0 0 0 0;
G 4-end 0.582278 16 0.772152 0.772152 0.810127 0.493671 0.582278 0.632911 0.746835 0 0 0 0 0 0 0 0 0;
G 4-time 0.202532 16 0.0379747 0.101266 0.303797 0.303797 0.202532 0.113924 0.113924 0 0 0 0 0 0 0 0 0;
G 4-start 0.582278 16 0.56962 0.683544 0.683544 0.367089 0.582278 0.632911 0.746835 0 0 0 0 0 0 0 0 0;
G 3-vol 0.759494 16 0.822785 0.658228 0.658228 0.759494 0.759494 0.759494 0.759494 0 0 0 0 0 0 0 0 0;
G 3-lop 0.620253 16 1 0.556962 0.620253 0.620253 0.620253 0.620253 0.620253 0 0 0 0 0 0 0 0 0;
G 3-end 0.607595 16 0.556962 0.721519 0.772152 0.556962 0.607595 0.56962 0.670886 0 0 0 0 0 0 0 0 0;
G 3-time 0.113924 16 0.189873 0.113924 0.113924 0.113924 0.113924 0.113924 0.113924 0 0 0 0 0 0 0 0 0;
G 3-start 0.607595 16 0.481013 0.56962 0.544304 0.392405 0.607595 0.56962 0.670886 0 0 0 0 0 0 0 0 0;
G 2-vol 0.772152 16 0.860759 0.721519 0.721519 0.772152 0.772152 0.772152 0.620253 0 0 0 0 0 0 0 0 0;
G 2-lop 0.582278 16 0.303797 0.481013 0.481013 0.582278 0.582278 0.582278 0.582278 0 0 0 0 0 0 0 0 0;
G 2-end 0.506329 16 0.607595 0.582278 0.746835 0.556962 0.506329 0.392405 0.734177 0 0 0 0 0 0 0 0 0;
G 2-time 0.265823 16 0.367089 0.227848 0.227848 0.278481 0.265823 0.265823 0.265823 0 0 0 0 0 0 0 0 0;
G 2-start 0.506329 16 0.392405 0.481013 0.632911 0.291139 0.506329 0.392405 0.734177 0 0 0 0 0 0 0 0 0;
G 1-vol 0.696203 16 0.797468 0.759494 0.759494 0.696203 0.696203 0.658228 0.56962 0 0 0 0 0 0 0 0 0;
G 1-lop 0.670886 16 0.405063 0.493671 0.620253 0.670886 0.670886 0.620253 0.620253 0 0 0 0 0 0 0 0 0;
G 1-end 0.531646 16 0.911392 0.620253 0.797468 0.468354 0.531646 0.56962 0.696203 0 0 0 0 0 0 0 0 0;
G 1-time 0.189873 16 0.164557 0.126582 0.0759494 0.265823 0.189873 0.240506 0.240506 0 0 0 0 0 0 0 0 0;
G 1-start 0.531646 16 0.531646 0.417722 0.696203 0.21519 0.531646 0.56962 0.696203 0 0 0 0 0 0 0 0 0;
